1693417773398 0.3011337220668793 0
1693417773400 0.2909190356731415 0
1693417773407 0.2814348042011261 0
1693417773411 0.2727482318878174 0
1693417773417 0.2653956413269043 0
1693417773420 0.25877633690834045 0
1693417773426 0.2528974115848541 0
1693417773428 0.24787963926792145 0
1693417773430 0.24347326159477234 0
1693417773437 0.23945699632167816 0
1693417773439 0.23592141270637512 0
1693417773441 0.23288056254386902 0
1693417773446 0.23018468916416168 0
1693417773448 0.2278846949338913 0
1693417773452 0.22580334544181824 0
1693417773460 0.22403420507907867 0
1693417773467 0.2224765121936798 0
1693417773469 0.22121919691562653 0
1693417773471 0.22003664076328278 0
1693417773478 0.219069704413414 0
1693417773480 0.2182050496339798 0
1693417773488 0.21749670803546906 0
1693417773490 0.21686895191669464 0
1693417773493 0.216358482837677 0
1693417773496 0.2158527374267578 0
1693417773499 0.215445876121521 0
1693417773501 0.21511822938919067 0
1693417773506 0.21481682360172272 0
1693417773508 0.21457277238368988 0
1693417773511 0.2143395096063614 0
