1693417773161 0.1479532155725691 0
1693417773167 0.14209446642133924 0
1693417773172 0.13542589048544565 0
1693417773178 0.1297936596804195 0
1693417773182 0.12557568649450937 0
1693417773186 0.12203279634316762 0
1693417773188 0.11912863867150413 0
1693417773192 0.11697457482417424 0
1693417773195 0.11502054913176431 0
1693417773199 0.11371091339323255 0
1693417773216 0.11246823602252537 0
1693417773218 0.11159827311833699 0
1693417773224 0.11081120206250085 0
1693417773227 0.11019287092818154 0
1693417773230 0.10980734974145889 0
1693417773232 0.10933671477768156 0
1693417773237 0.10909284816847907 0
1693417773239 0.10878680811987983 0
1693417773241 0.10859806173377567 0
1693417773250 0.10846193465921614 0
1693417773257 0.10832335634364022 0
1693417773259 0.10818328377273348 0
1693417773261 0.1081521287560463 0
1693417773267 0.10803575151496464 0
1693417773269 0.10794269541899364 0
1693417773272 0.10797966023286183 0
1693417773276 0.10799467480844921 0
1693417773279 0.1078895562224918 0
1693417773286 0.10782702018817265 0
1693417773288 0.10777921974658966 0
