1693418278384 0.18785228133201598 0
1693418278389 0.18781155943870545 0
1693418278392 0.18749709228674571 0
1693418278395 0.18804399967193602 0
1693418278398 0.1877405047416687 0
1693418278403 0.18763795495033264 0
1693418278405 0.18755556344985963 0
1693418278408 0.18762597143650056 0
1693418278411 0.18747366964817047 0
1693418278416 0.18796891967455545 0
1693418278420 0.1877397656440735 0
1693418278422 0.18770762383937836 0
1693418278425 0.1876425435145696 0
1693418278430 0.187458536028862 0
1693418278433 0.18752810855706534 0
1693418278437 0.18777448137601216 0
1693418278442 0.18755000829696655 0
1693418278445 0.18760265807310741 0
1693418278448 0.1877300997575124 0
1693418278451 0.187589634458224 0
1693418278453 0.18750127255916596 0
1693418278456 0.18762595256169637 0
1693418278460 0.18730927407741546 0
1693418278463 0.18758966624736786 0
1693418278465 0.187454949816068 0
1693418278468 0.18742560545603434 0
1693418278471 0.1871566375096639 0
1693418278474 0.18723380863666533 0
1693418278479 0.18709967931111654 0
1693418278483 0.1875996063152949 0
