1693418278596 0.3907686471939087 0
1693418278598 0.3907431364059448 0
1693418278604 0.3907688856124878 0
1693418278607 0.39083993434906006 0
1693418278610 0.3906935453414917 0
1693418278613 0.39050328731536865 0
1693418278616 0.39063987135887146 0
1693418278619 0.39087340235710144 0
1693418278622 0.3908129632472992 0
1693418278625 0.390611857175827 0
1693418278630 0.3906232416629791 0
1693418278634 0.39076051115989685 0
1693418278639 0.3907712697982788 0
1693418278643 0.39058542251586914 0
1693418278647 0.39066287875175476 0
1693418278651 0.3899896442890167 0
1693418278655 0.3902885317802429 0
1693418278657 0.39058512449264526 0
1693418278660 0.3902958929538727 0
1693418278663 0.3908362090587616 0
1693418278665 0.3907715976238251 0
1693418278668 0.3904404938220978 0
1693418278670 0.39056891202926636 0
1693418278673 0.3903392255306244 0
1693418278675 0.3904140889644623 0
1693418278680 0.3902249038219452 0
1693418278683 0.39003241062164307 0
1693418278686 0.3903379738330841 0
1693418278691 0.3900006413459778 0
1693418278694 0.3902835249900818 0
