1693418425495 0.048036686116604194 0
1693418425500 0.0025909935446238267 0
1693418425504 0.0007336259084460776 0
1693418425507 0.0006383554599221586 0
1693418425509 0.0006034020855534641 0
1693418425514 0.0004825165259159891 0
1693418425516 0.0004151811571641555 0
1693418425519 0.00024036184878505377 0
1693418425522 0.00026961120156263334 0
1693418425525 0.00019217394712482458 0
1693418425528 0.0001916877907558134 0
1693418425531 0.00017286795428522202 0
1693418425534 0.00022557923852394696 0
1693418425539 0.00016992990898753276 0
1693418425542 0.00014189631914515274 0
1693418425544 0.00014404923369452702 0
1693418425550 0.00011317564049902777 0
1693418425554 7.994050132941582e-05 0
1693418425557 7.776185479850673e-05 0
1693418425560 6.957706259967264e-05 0
1693418425564 9.552044007103822e-05 0
1693418425567 9.74443019297342e-05 0
1693418425569 8.888727904465463e-05 0
1693418425572 8.147705187683084e-05 0
1693418425575 7.142015593056004e-05 0
1693418425579 5.490526966182628e-05 0
1693418425582 6.853887328273436e-05 0
1693418425588 6.194336519031148e-05 0
1693418425591 5.3115126584382396e-05 0
1693418425596 0.00010216119652238464 0
