1693418425711 0.0415412113070488 0
1693418425713 0.019680263474583626 0
1693418425716 0.017189854755997658 0
1693418425718 0.015579101629555225 0
1693418425720 0.0182146355509758 0
1693418425724 0.01341819204390049 0
1693418425726 0.010623320005834103 0
1693418425729 0.011421866714954376 0
1693418425731 0.009622626006603241 0
1693418425733 0.01002806518226862 0
1693418425735 0.009567621164023876 0
1693418425738 0.008927112445235252 0
1693418425741 0.010778630152344704 0
1693418425744 0.007097526453435421 0
1693418425752 0.008523726835846901 0
1693418425754 0.007389513310045004 0
1693418425756 0.007235371973365545 0
1693418425759 0.007521309889853001 0
1693418425761 0.008148185908794403 0
1693418425765 0.00496774073690176 0
1693418425767 0.00880073755979538 0
1693418425769 0.005167292896658182 0
1693418425772 0.00659435847774148 0
1693418425775 0.005711699370294809 0
1693418425778 0.006680516991764307 0
1693418425781 0.007314678281545639 0
1693418425784 0.006760396528989077 0
1693418425790 0.006332062650471926 0
1693418425794 0.0055341459810733795 0
1693418425797 0.007645190227776766 0
