1693418162255 0.1768989861011505 0
1693418162259 0.16807385853358678 0
1693418162263 0.1592011387859072 0
1693418162265 0.14951842384678976 0
1693418162268 0.1374966331890651 0
1693418162272 0.12140800058841705 0
1693418162275 0.10017897401537214 0
1693418162280 0.07187425132308688 0
1693418162282 0.04096776832427297 0
1693418162287 0.02199522592127323 0
1693418162292 0.012096664336110865 0
1693418162295 0.005197470608566489 0
1693418162298 0.0036669279714780195 0
1693418162300 0.0037023063216890606 0
1693418162303 0.0036642317926245077 0
1693418162306 0.0034159680362790823 0
1693418162309 0.0033172392286360264 0
1693418162311 0.003289338533899614 0
1693418162314 0.003185893641784787 0
1693418162316 0.0031655268144926856 0
1693418162318 0.003055255560736571 0
1693418162321 0.0030436558050236534 0
1693418162325 0.0029610069136002232 0
1693418162329 0.003011404603187527 0
1693418162334 0.00288493957902704 0
1693418162341 0.0027921722835994194 0
1693418162343 0.002754157575379525 0
1693418162346 0.0027063668572476934 0
1693418162350 0.002650872172255601 0
1693418162352 0.002547853975556791 0
