1693418162452 0.36174431443214417 0
1693418162454 0.3510499596595764 0
1693418162457 0.33886903524398804 0
1693418162460 0.32414665818214417 0
1693418162462 0.304519921541214 0
1693418162465 0.2753264307975769 0
1693418162469 0.23549821972846985 0
1693418162472 0.17529988288879395 0
1693418162475 0.12683452665805817 0
1693418162479 0.10582856088876724 0
1693418162482 0.06949114054441452 0
1693418162484 0.043355438858270645 0
1693418162487 0.04001730680465698 0
1693418162489 0.037577297538518906 0
1693418162491 0.03504537418484688 0
1693418162494 0.0338817834854126 0
1693418162497 0.0339985117316246 0
1693418162500 0.033916544169187546 0
1693418162502 0.03434609994292259 0
1693418162506 0.033649198710918427 0
1693418162509 0.03329837694764137 0
1693418162512 0.03293110802769661 0
1693418162515 0.032788634300231934 0
1693418162517 0.03224421292543411 0
1693418162520 0.03257432579994202 0
1693418162523 0.03203953057527542 0
1693418162527 0.031898383051157 0
1693418162530 0.03138937056064606 0
1693418162533 0.03136444464325905 0
1693418162536 0.030841246247291565 0
