1693417765367 0.24744153022766113 0
1693417765369 0.24318832159042358 0
1693417765372 0.2389512062072754 0
1693417765374 0.23486799001693726 0
1693417765376 0.23096603155136108 0
1693417765379 0.2272363007068634 0
1693417765385 0.22347301244735718 0
1693417765387 0.21957796812057495 0
1693417765395 0.21532943844795227 0
1693417765413 0.21092602610588074 0
1693417765420 0.20635046064853668 0
1693417765424 0.2011881172657013 0
1693417765446 0.19553756713867188 0
1693417765449 0.18983063101768494 0
1693417765454 0.18438737094402313 0
1693417765457 0.17927299439907074 0
1693417765466 0.17435386776924133 0
1693417765471 0.16968084871768951 0
1693417765474 0.16521459817886353 0
1693417765477 0.16100257635116577 0
1693417765479 0.15695136785507202 0
1693417765483 0.15311434864997864 0
1693417765486 0.14943769574165344 0
1693417765489 0.1459037959575653 0
1693417765492 0.14259207248687744 0
1693417765495 0.1393854022026062 0
1693417765498 0.1363295316696167 0
1693417765500 0.13344332575798035 0
1693417765503 0.13060739636421204 0
1693417765507 0.12793666124343872 0
