1693417765159 0.0869341931409306 0
1693417765163 0.08470922460158666 0
1693417765167 0.08251964218086666 0
1693417765169 0.08040215157800251 0
1693417765172 0.07836111966106626 0
1693417765179 0.07642042554087108 0
1693417765185 0.07444757968187332 0
1693417765188 0.07249721056885189 0
1693417765194 0.07037311709589428 0
1693417765199 0.0682149554292361 0
1693417765205 0.06594878600703345 0
1693417765208 0.06359152661429511 0
1693417765211 0.06097029563453463 0
1693417765215 0.05828154294027223 0
1693417765218 0.05573497795396381 0
1693417765222 0.05335470288991928 0
1693417765227 0.05117889162566927 0
1693417765229 0.04914509711994065 0
1693417765239 0.04718303349283007 0
1693417765242 0.04537352298696836 0
1693417765246 0.043689111040698156 0
1693417765249 0.04209809088044696 0
1693417765255 0.0405904965268241 0
1693417765257 0.03916841952337159 0
1693417765259 0.0378186951080958 0
1693417765263 0.03653876276479827 0
1693417765267 0.03533759671780798 0
1693417765270 0.03417197780476676 0
1693417765274 0.03308505192399025 0
1693417765277 0.03204267223676046 0
