1693417959991 0.1911906858285268 0
1693417959995 0.18597016235192618 0
1693417959998 0.1808801571528117 0
1693417960001 0.17591381470362347 0
1693417960003 0.17106508016586303 0
1693417960006 0.1663281669219335 0
1693417960008 0.1616980349024137 0
1693417960011 0.1571700930595398 0
1693417960014 0.1527399852871895 0
1693417960018 0.14840399821599323 0
1693417960022 0.14415859232346218 0
1693417960025 0.14000064035256704 0
1693417960029 0.1359272986650467 0
1693417960032 0.1319358619550864 0
1693417960035 0.1280242552359899 0
1693417960042 0.12419016460577646 0
1693417960047 0.12043195888400078 0
1693417960050 0.11674786135554313 0
1693417960052 0.11313644349575043 0
1693417960055 0.10959642305970192 0
1693417960058 0.10612669438123704 0
1693417960066 0.10272630428274472 0
1693417960071 0.09939433361093203 0
1693417960074 0.09613021860520045 0
1693417960077 0.0929331474006176 0
1693417960081 0.08980258479714394 0
1693417960093 0.08673821166157722 0
1693417960097 0.08373957922061284 0
1693417960102 0.08080643390615781 0
1693417960106 0.07793847670157751 0
