1693417960209 0.38456571102142334 0
1693417960211 0.37913796305656433 0
1693417960214 0.37376683950424194 0
1693417960217 0.3684479594230652 0
1693417960219 0.3631772994995117 0
1693417960222 0.3579511046409607 0
1693417960224 0.35276687145233154 0
1693417960228 0.34762042760849 0
1693417960231 0.3425092101097107 0
1693417960234 0.33743029832839966 0
1693417960237 0.33238157629966736 0
1693417960242 0.3273610770702362 0
1693417960245 0.322366863489151 0
1693417960248 0.3173968195915222 0
1693417960250 0.3124494254589081 0
1693417960253 0.30752333998680115 0
1693417960258 0.3026173710823059 0
1693417960260 0.29773059487342834 0
1693417960263 0.29286250472068787 0
1693417960266 0.28801271319389343 0
1693417960269 0.2831800878047943 0
1693417960276 0.278364360332489 0
1693417960279 0.2735654413700104 0
1693417960283 0.2687831223011017 0
1693417960285 0.2640175521373749 0
1693417960290 0.259269654750824 0
1693417960293 0.2545406222343445 0
1693417960296 0.24983178079128265 0
1693417960299 0.24514362215995789 0
1693417960302 0.24047593772411346 0
