1693417784958 0.13022241865595183 0
1693417784962 0.05066412563125292 0
1693417784966 0.014439015752739377 0
1693417784969 0.0033660222996129757 0
1693417784972 0.0015856404303728293 0
1693417784978 0.0013458326316645576 0
1693417784980 0.0011587320283676188 0
1693417784983 0.0009926538073664738 0
1693417784989 0.000831403164839786 0
1693417784993 0.0006818693703583752 0
1693417784999 0.0005594746180577204 0
1693417785003 0.00046148465318967484 0
1693417785008 0.00038699770488569304 0
1693417785011 0.0003298415233277612 0
1693417785014 0.0002889201318288946 0
1693417785016 0.0002546248255789073 0
1693417785019 0.0002261881098901439 0
1693417785023 0.00020339023790762035 0
1693417785027 0.00018569172849917473 0
1693417785029 0.000169557847483601 0
1693417785037 0.00015630783228617575 0
1693417785040 0.00014490196837060567 0
1693417785043 0.00013510332307002196 0
1693417785046 0.00012731032095163956 0
1693417785049 0.00012165175050742821 0
1693417785052 0.00011613076114574344 0
1693417785056 0.00011126550089102238 0
1693417785059 0.00010735405157902278 0
1693417785063 0.00010382121844385337 0
1693417785066 0.00010189741725399572 0
