1693417785175 0.2211330533027649 0
1693417785177 0.11306910961866379 0
1693417785202 0.05416642501950264 0
1693417785206 0.027585702016949654 0
1693417785208 0.02225186675786972 0
1693417785210 0.020959343761205673 0
1693417785213 0.01924201101064682 0
1693417785216 0.017723964527249336 0
1693417785219 0.01616808958351612 0
1693417785221 0.015092732384800911 0
1693417785224 0.013737805187702179 0
1693417785228 0.012733276933431625 0
1693417785230 0.01185157522559166 0
1693417785233 0.011217106133699417 0
1693417785237 0.010675758123397827 0
1693417785243 0.010221901349723339 0
1693417785246 0.00967319030314684 0
1693417785249 0.009287044405937195 0
1693417785252 0.00890487339347601 0
1693417785254 0.008706239052116871 0
1693417785257 0.008316650986671448 0
1693417785259 0.008110606111586094 0
1693417785264 0.007951166480779648 0
1693417785267 0.007623296696692705 0
1693417785269 0.00763543788343668 0
1693417785272 0.0074167377315461636 0
1693417785275 0.0073069017380476 0
1693417785280 0.007133233826607466 0
1693417785283 0.007067465223371983 0
1693417785286 0.006936036515980959 0
