1693417855706 0.030820871703326702 0
1693417855711 0.0021284822890135858 0
1693417855714 0.0006761200742663018 0
1693417855717 0.0003639553636146177 0
1693417855720 0.00024176375362523167 0
1693417855725 0.00018773309316851998 0
1693417855728 0.00017139123571853685 0
1693417855731 0.0001514899314705482 0
1693417855734 0.0001309242865577939 0
1693417855736 0.00012741161013504358 0
1693417855744 0.00013126320430144136 0
1693417855746 0.0001280363966153735 0
1693417855748 0.00011061207987950183 0
1693417855750 0.00012817443920149735 0
1693417855753 9.984303427959926e-05 0
1693417855755 9.015927155685079e-05 0
1693417855759 9.91258815962023e-05 0
1693417855761 0.00010289364477752574 0
1693417855764 9.532605223025062e-05 0
1693417855766 9.300710319491503e-05 0
1693417855770 0.0001380585261878358 0
1693417855773 0.00011093348855086203 0
1693417855779 0.0001006293545547773 0
1693417855781 9.927795092932814e-05 0
1693417855784 8.316897947224788e-05 0
1693417855786 6.292531127525893e-05 0
1693417855793 6.595056480104436e-05 0
1693417855796 9.1440377478388e-05 0
1693417855798 9.043876837365263e-05 0
1693417855800 0.00010609746901276853 0
