1693417855926 0.04649081081151962 0
1693417855928 0.02280510775744915 0
1693417855931 0.015067878179252148 0
1693417855934 0.011979447677731514 0
1693417855937 0.0101893600076437 0
1693417855940 0.009656885638833046 0
1693417855942 0.009562152437865734 0
1693417855945 0.00915217213332653 0
1693417855948 0.007888264954090118 0
1693417855950 0.010011001490056515 0
1693417855954 0.008031723089516163 0
1693417855959 0.008354326710104942 0
1693417855961 0.008986962027847767 0
1693417855963 0.0073113227263092995 0
1693417855966 0.0074402024038136005 0
1693417855968 0.007061425130814314 0
1693417855973 0.007503096479922533 0
1693417855975 0.008823154494166374 0
1693417855980 0.007221539039164782 0
1693417855988 0.010431064292788506 0
1693417855991 0.005796791519969702 0
1693417855993 0.007746612187474966 0
1693417855996 0.0064432695508003235 0
1693417855998 0.009551934897899628 0
1693417856001 0.006018438376486301 0
1693417856003 0.005860154051333666 0
1693417856006 0.006769106723368168 0
1693417856008 0.00897264014929533 0
1693417856010 0.009188695810735226 0
1693417856013 0.006157644093036652 0
