1693417789849 0.0841115652845884 0
1693417789853 0.001887384377433066 0
1693417789859 0.001265503817834747 0
1693417789862 0.0009592867326844012 0
1693417789867 0.0006942549437771446 0
1693417789871 0.0004903088288109514 0
1693417789874 0.0003567067278068657 0
1693417789876 0.0002668296841824178 0
1693417789880 0.00021572061722137322 0
1693417789884 0.00018221723296167985 0
1693417789887 0.00016003830003196335 0
1693417789891 0.0001455641870795172 0
1693417789894 0.00013351152568209497 0
1693417789899 0.0001241764556153343 0
1693417789902 0.00011643534116315799 0
1693417789905 0.00011147916794329895 0
1693417789908 0.00010565287991251442 0
1693417789910 0.00010072458319203653 0
1693417789913 9.833502251790955e-05 0
1693417789917 9.434679550779524e-05 0
1693417789919 8.92343763245637e-05 0
1693417789923 8.664439916737791e-05 0
1693417789927 8.499478296381683e-05 0
1693417789930 8.124242377164938e-05 0
1693417789932 7.888739066760869e-05 0
1693417789934 7.585320274532497e-05 0
1693417789937 7.304081362901702e-05 0
1693417789939 7.234948920803374e-05 0
1693417789942 7.057686125848141e-05 0
1693417789944 6.838711441829013e-05 0
