1693417790046 0.046238817274570465 0
1693417790048 0.023546995595097542 0
1693417790054 0.020516639575362206 0
1693417790057 0.017291463911533356 0
1693417790062 0.014166254550218582 0
1693417790064 0.012660950422286987 0
1693417790069 0.011328071355819702 0
1693417790072 0.010302709415555 0
1693417790075 0.00946675706654787 0
1693417790081 0.008990184403955936 0
1693417790084 0.008446376770734787 0
1693417790090 0.008136959746479988 0
1693417790095 0.008042391389608383 0
1693417790099 0.007631184533238411 0
1693417790102 0.007550970651209354 0
1693417790107 0.0073394314385950565 0
1693417790110 0.007037632633000612 0
1693417790114 0.00683903181925416 0
1693417790119 0.006800583563745022 0
1693417790122 0.006665563210844994 0
1693417790124 0.0065613253973424435 0
1693417790131 0.00644766865298152 0
1693417790133 0.006297420244663954 0
1693417790136 0.0063507650047540665 0
1693417790140 0.00617498392239213 0
1693417790143 0.006064425688236952 0
1693417790148 0.0060427021235227585 0
1693417790151 0.005788810085505247 0
1693417790153 0.005853560753166676 0
1693417790159 0.005860890727490187 0
