1693417780919 0.14722294525967705 0
1693417780925 0.06915872844143046 0
1693417780929 0.03214991216858228 0
1693417780931 0.015011345295028554 0
1693417780943 0.007420836145886117 0
1693417780946 0.004103995568584651 0
1693417780949 0.0027142285576297175 0
1693417780951 0.0021322815138975987 0
1693417780959 0.0019480471900250348 0
1693417780961 0.0018407951477759827 0
1693417780963 0.0017383788928984562 0
1693417780966 0.001751895554156767 0
1693417780968 0.0017211241437406796 0
1693417780972 0.0017411535841852634 0
1693417780978 0.0016832233878732142 0
1693417780981 0.0017186569473576834 0
1693417780983 0.0016627531691079235 0
1693417780992 0.0016653040454710005 0
1693417780997 0.001682438369445865 0
1693417781000 0.0016571458133209187 0
1693417781006 0.0016427658912208346 0
1693417781009 0.0016304789120719458 0
1693417781013 0.0016227904529336633 0
1693417781016 0.001665964142173632 0
1693417781018 0.0016191932906319078 0
1693417781021 0.0016445718663615277 0
1693417781024 0.0015864184974311178 0
1693417781026 0.0015934416102633502 0
1693417781029 0.0015742081422003037 0
1693417781031 0.0015786382880631005 0
