1693417781133 0.27548354864120483 0
1693417781136 0.18660394847393036 0
1693417781139 0.12514273822307587 0
1693417781144 0.0848458856344223 0
1693417781148 0.059058137238025665 0
1693417781150 0.043170273303985596 0
1693417781155 0.03410378843545914 0
1693417781158 0.0291464701294899 0
1693417781160 0.027117880061268806 0
1693417781164 0.025973040610551834 0
1693417781167 0.02558201551437378 0
1693417781173 0.025297092273831367 0
1693417781176 0.02498633973300457 0
1693417781179 0.02509216219186783 0
1693417781182 0.02484726905822754 0
1693417781185 0.024940159171819687 0
1693417781191 0.02515558898448944 0
1693417781193 0.024961642920970917 0
1693417781200 0.024547813460230827 0
1693417781202 0.024454912170767784 0
1693417781205 0.02468259073793888 0
1693417781207 0.024646060541272163 0
1693417781215 0.024448292329907417 0
1693417781218 0.024310385808348656 0
1693417781220 0.024480629712343216 0
1693417781223 0.024430150166153908 0
1693417781226 0.024740450084209442 0
1693417781228 0.024334391579031944 0
1693417781231 0.02432660385966301 0
1693417781233 0.024353940039873123 0
