1693417770301 0.1402490014831225 0
1693417770305 0.12011286823285951 0
1693417770308 0.10188689165645176 0
1693417770318 0.08694362598988745 0
1693417770324 0.07506786907712619 0
1693417770327 0.06603350511027707 0
1693417770335 0.0589129397024711 0
1693417770338 0.053598476159903735 0
1693417770340 0.04968421161174774 0
1693417770344 0.04669129889872339 0
1693417770350 0.04451367093457116 0
1693417770356 0.043025970458984375 0
1693417770358 0.04193434015744262 0
1693417770360 0.04119464216960801 0
1693417770363 0.04068292035824723 0
1693417770366 0.04032334747413794 0
1693417770368 0.0400980684078402 0
1693417770374 0.039959379782279335 0
1693417770379 0.03982091032796436 0
1693417770382 0.039771205435196556 0
1693417770387 0.039724751893017024 0
1693417770389 0.03967695000271002 0
1693417770393 0.03963779823647605 0
1693417770395 0.03960992395877838 0
1693417770397 0.039645322495036654 0
1693417770399 0.03959251402152909 0
1693417770402 0.03953522381683191 0
1693417770405 0.03956863077150451 0
1693417770407 0.03950677108433512 0
1693417770410 0.039510891462365784 0
