1693417770512 0.2751801013946533 0
1693417770514 0.24705685675144196 0
1693417770517 0.22691822052001953 0
1693417770520 0.20938996970653534 0
1693417770526 0.19371135532855988 0
1693417770529 0.18003851175308228 0
1693417770532 0.16783592104911804 0
1693417770536 0.15707750618457794 0
1693417770539 0.14818531274795532 0
1693417770542 0.14049817621707916 0
1693417770544 0.13396650552749634 0
1693417770548 0.12861132621765137 0
1693417770551 0.12436375021934509 0
1693417770554 0.12067151069641113 0
1693417770557 0.11784340441226959 0
1693417770560 0.11554370820522308 0
1693417770565 0.11378737539052963 0
1693417770568 0.1124032586812973 0
1693417770574 0.11145712435245514 0
1693417770577 0.11062580347061157 0
1693417770579 0.11002817004919052 0
1693417770585 0.10950613021850586 0
1693417770587 0.10914025455713272 0
1693417770590 0.1088438630104065 0
1693417770594 0.1085168793797493 0
1693417770597 0.10824594646692276 0
1693417770599 0.10797133296728134 0
1693417770604 0.1079321801662445 0
1693417770643 0.10766449570655823 0
1693417770648 0.10754385590553284 0
