1693417769559 0.34039339423179626 0
1693417769561 0.33724504709243774 0
1693417769564 0.33330991864204407 0
1693417769566 0.3289577066898346 0
1693417769571 0.3247578740119934 0
1693417769574 0.32053473591804504 0
1693417769577 0.3159722685813904 0
1693417769580 0.31271564960479736 0
1693417769585 0.30896270275115967 0
1693417769587 0.3052372634410858 0
1693417769590 0.3013900816440582 0
1693417769594 0.29803571105003357 0
1693417769597 0.2951982021331787 0
1693417769600 0.29176953434944153 0
1693417769603 0.288186252117157 0
1693417769605 0.28404995799064636 0
1693417769608 0.2797311544418335 0
1693417769616 0.2751353979110718 0
1693417769618 0.27138230204582214 0
1693417769621 0.26764190196990967 0
1693417769624 0.26401203870773315 0
1693417769627 0.2604510188102722 0
1693417769629 0.25733575224876404 0
1693417769637 0.2542073726654053 0
1693417769639 0.25139155983924866 0
1693417769643 0.24861298501491547 0
1693417769646 0.24587593972682953 0
1693417769649 0.24311910569667816 0
1693417769653 0.24050886929035187 0
1693417769656 0.23843635618686676 0
