1693417769337 0.1595998965203762 0
1693417769340 0.15806015663676792 0
1693417769350 0.15681439927882618 0
1693417769355 0.15493521963556608 0
1693417769360 0.15229500871565607 0
1693417769365 0.15062001761462954 0
1693417769367 0.14910448632306522 0
1693417769369 0.14719688023130098 0
1693417769372 0.14543209887213177 0
1693417769375 0.1438287484149138 0
1693417769378 0.14255053715573418 0
1693417769380 0.14077871582574314 0
1693417769385 0.13926053212748635 0
1693417769387 0.13847019357813728 0
1693417769390 0.13719526761107975 0
1693417769397 0.13517633494403627 0
1693417769399 0.13240106031298637 0
1693417769409 0.13002908850709596 0
1693417769416 0.12748987331158584 0
1693417769418 0.12524777381784385 0
1693417769421 0.12325418181717396 0
1693417769427 0.12154833599925041 0
1693417769430 0.1201010834839609 0
1693417769435 0.11845729603535599 0
1693417769437 0.11685043490595287 0
1693417769440 0.11530595334867637 0
1693417769441 0.11418646491236156 0
1693417769447 0.11312286597159174 0
1693417769449 0.11161739896568987 0
1693417769451 0.11082767612404293 0
