1693417788341 0.09339211136102676 0
1693417788343 0.041998960077762604 0
1693417788346 0.034255608916282654 0
1693417788349 0.02510306052863598 0
1693417788353 0.024067552760243416 0
1693417788356 0.019863149151206017 0
1693417788359 0.017038270831108093 0
1693417788362 0.015311011113226414 0
1693417788366 0.01381940022110939 0
1693417788369 0.013648830354213715 0
1693417788378 0.013540699146687984 0
1693417788380 0.012229460291564465 0
1693417788382 0.011828497983515263 0
1693417788384 0.011432316154241562 0
1693417788389 0.012515859678387642 0
1693417788392 0.011202159337699413 0
1693417788397 0.01078465860337019 0
1693417788399 0.010874617844820023 0
1693417788405 0.010598588734865189 0
1693417788411 0.011314156465232372 0
1693417788413 0.011417199857532978 0
1693417788418 0.010572967119514942 0
1693417788421 0.010375108569860458 0
1693417788425 0.010574232786893845 0
1693417788428 0.011112757958471775 0
1693417788435 0.010558154433965683 0
1693417788439 0.011178179644048214 0
1693417788442 0.010359393432736397 0
1693417788444 0.010884076356887817 0
1693417788446 0.010916621424257755 0
