1693417788100 1.5518175549805164 0
1693417788103 0.008727950651922988 0
1693417788108 0.0030645582074713376 0
1693417788114 0.0018964102103685339 0
1693417788119 0.0015641070009830098 0
1693417788125 0.0012328737712879148 0
1693417788130 0.0008612657887473082 0
1693417788136 0.0006108942874965982 0
1693417788139 0.0004953574567076026 0
1693417788143 0.00043819843914308067 0
1693417788148 0.000391306738796023 0
1693417788153 0.0003632979051973153 0
1693417788156 0.00035360497956086573 0
1693417788158 0.00033747946064169 0
1693417788163 0.00031962918971354765 0
1693417788166 0.00032408120831759233 0
1693417788169 0.00031003704013225314 0
1693417788173 0.00030871162986538064 0
1693417788179 0.0002975104305531002 0
1693417788183 0.00030587701621698216 0
1693417788187 0.00030626790087100945 0
1693417788190 0.00030478304769429896 0
1693417788193 0.0002987439212221135 0
1693417788197 0.00030625453412843245 0
1693417788202 0.0003211869714303046 0
1693417788206 0.00029166420911982033 0
1693417788212 0.00029278308647917584 0
1693417788217 0.0003135531167370371 0
1693417788220 0.0003150067972860092 0
1693417788226 0.000291918171569705 0
