1693417774311 0.10876219491991732 0
1693417774316 0.09531374358468586 0
1693417774329 0.0949346147891548 0
1693417774334 0.09447736769086784 0
1693417774337 0.09450043489535649 0
1693417774339 0.09440545303126176 0
1693417774343 0.09444327631758319 0
1693417774347 0.09443773619002765 0
1693417774350 0.09437928390171793 0
1693417774353 0.09413658910327488 0
1693417774357 0.09409801972409089 0
1693417774361 0.0944459628727701 0
1693417774364 0.09440775257017878 0
1693417774367 0.09431231353018019 0
1693417774370 0.0940518466134866 0
1693417774375 0.09415636211633682 0
1693417774378 0.09423274153636561 0
1693417774385 0.09431012305948469 0
1693417774392 0.0942957912468248 0
1693417774399 0.09424513474934632 0
1693417774402 0.09442869594527616 0
1693417774408 0.09429054169191255 0
1693417774417 0.09431815106007788 0
1693417774430 0.0943563361134794 0
1693417774439 0.0940617233928707 0
1693417774444 0.094330128075348 0
1693417774449 0.09439405053853989 0
1693417774452 0.09444659617212084 0
1693417774455 0.09446628433134821 0
1693417774458 0.0941240212155713 0
