1693417774598 0.2173793464899063 0
1693417774601 0.2070963829755783 0
1693417774604 0.20453980565071106 0
1693417774606 0.20345069468021393 0
1693417774608 0.2025967538356781 0
1693417774611 0.2022487372159958 0
1693417774613 0.20133598148822784 0
1693417774616 0.20043545961380005 0
1693417774618 0.20040011405944824 0
1693417774621 0.19986312091350555 0
1693417774625 0.19984453916549683 0
1693417774627 0.20000150799751282 0
1693417774630 0.19938206672668457 0
1693417774634 0.1995784044265747 0
1693417774636 0.19912868738174438 0
1693417774641 0.19904296100139618 0
1693417774643 0.19866693019866943 0
1693417774646 0.19870242476463318 0
1693417774650 0.19817373156547546 0
1693417774653 0.1986040472984314 0
1693417774656 0.1983400136232376 0
1693417774659 0.1985798329114914 0
1693417774662 0.19810082018375397 0
1693417774664 0.19795256853103638 0
1693417774668 0.19811657071113586 0
1693417774670 0.19783873856067657 0
1693417774673 0.1978844404220581 0
1693417774679 0.19789765775203705 0
1693417774681 0.1977108269929886 0
1693417774687 0.1978255957365036 0
