1693417991433 11.264164264050295 0
1693417991438 0.05082084758664077 0
1693417991441 0.004730674236099112 0
1693417991444 0.00562158952256278 0
1693417991448 0.005548540518162245 0
1693417991450 0.0055268880524584705 0
1693417991453 0.00577278629841529 0
1693417991458 0.006573106351150376 0
1693417991460 0.006888872087177522 0
1693417991462 0.006684883809560594 0
1693417991469 0.007582000578657004 0
1693417991471 0.00666002074766131 0
1693417991478 0.00622897269643562 0
1693417991480 0.005322984709703135 0
1693417991483 0.006186304336088657 0
1693417991489 0.0072314855708512215 0
1693417991492 0.008660222893528078 0
1693417991495 0.005628889156417605 0
1693417991500 0.006273428606361432 0
1693417991502 0.005877910386155939 0
1693417991507 0.009160504790620421 0
1693417991510 0.009403624888158069 0
1693417991512 0.013256302916110968 0
1693417991520 0.012046678382727617 0
1693417991522 0.012158946342819001 0
1693417991528 0.0123483248731508 0
1693417991531 0.014968619765362368 0
1693417991533 0.012266322605768746 0
1693417991537 0.01605691781864976 0
1693417991539 0.016525079891577643 0
