1693417991629 0.5280490517616272 0
1693417991631 0.053869448602199554 0
1693417991633 0.03451303765177727 0
1693417991636 0.040341418236494064 0
1693417991639 0.045958712697029114 0
1693417991641 0.03596067801117897 0
1693417991644 0.042835064232349396 0
1693417991646 0.049379561096429825 0
1693417991649 0.08530936390161514 0
1693417991652 0.05044650658965111 0
1693417991655 0.04697839170694351 0
1693417991698 0.03951137512922287 0
1693417991704 0.04153209179639816 0
1693417991707 0.045463208109140396 0
1693417991709 0.05589301511645317 0
1693417991712 0.050734344869852066 0
1693417991715 0.047699782997369766 0
1693417991718 0.0776616558432579 0
1693417991720 0.044683437794446945 0
1693417991722 0.054011426866054535 0
1693417991725 0.08198612183332443 0
1693417991728 0.05516092851758003 0
1693417991730 0.11949145048856735 0
1693417991732 0.053519103676080704 0
1693417991736 0.06982456892728806 0
1693417991738 0.05731077119708061 0
1693417991741 0.08845650404691696 0
1693417991743 0.06162923201918602 0
1693417991746 0.057071007788181305 0
1693417991749 0.07659348845481873 0
