1693417771254 0.037273111649685435 0
1693417771258 0.021650440990924835 0
1693417771262 0.019686279197533924 0
1693417771266 0.019146045255992148 0
1693417771273 0.018851245753467083 0
1693417771277 0.018657279718253348 0
1693417771283 0.018438063768876925 0
1693417771289 0.018291120727856953 0
1693417771292 0.018140167101389833 0
1693417771295 0.018025559062759083 0
1693417771298 0.01794546904663245 0
1693417771300 0.01788879858536853 0
1693417771303 0.017826401732034154 0
1693417771306 0.017784284013840888 0
1693417771308 0.017754011063112154 0
1693417771310 0.01770285413497024 0
1693417771313 0.01771184243261814 0
1693417771316 0.01768032606277201 0
1693417771318 0.01765383593738079 0
1693417771322 0.0176456230175164 0
1693417771325 0.017624738729662366 0
1693417771328 0.01763129472318623 0
1693417771332 0.017625687333444755 0
1693417771335 0.017600417240626283 0
1693417771338 0.017601444489426084 0
1693417771342 0.01758310840361648 0
1693417771345 0.01759972868280278 0
1693417771347 0.017577898999055225 0
1693417771350 0.017580371350049973 0
1693417771353 0.0175826663358344 0
