1693417771458 0.11422642320394516 0
1693417771460 0.09368456155061722 0
1693417771468 0.08787839859724045 0
1693417771471 0.08516857773065567 0
1693417771478 0.08344423770904541 0
1693417771482 0.0817839652299881 0
1693417771487 0.08120669424533844 0
1693417771489 0.07924078404903412 0
1693417771493 0.07819067686796188 0
1693417771499 0.07800867408514023 0
1693417771502 0.07722650468349457 0
1693417771505 0.0766131654381752 0
1693417771507 0.07579624652862549 0
1693417771509 0.07537980377674103 0
1693417771512 0.0750391036272049 0
1693417771514 0.07452213019132614 0
1693417771522 0.07420901954174042 0
1693417771554 0.07393702864646912 0
1693417771563 0.07370204478502274 0
1693417771571 0.07355482876300812 0
1693417771582 0.07312405109405518 0
1693417771585 0.07302141934633255 0
1693417771590 0.07294696569442749 0
1693417771593 0.07250937819480896 0
1693417771597 0.07247724384069443 0
1693417771604 0.07226335257291794 0
1693417771609 0.07218766957521439 0
1693417771618 0.07190290838479996 0
1693417771626 0.07211398333311081 0
1693417771630 0.07191507518291473 0
