1693417783684 0.006941325739960672 0
1693417783691 0.0002103702890322688 0
1693417783696 0.00013312889547103648 0
1693417783698 9.577453960779346e-05 0
1693417783700 8.202079400907166e-05 0
1693417783704 7.42652670121227e-05 0
1693417783706 7.163041892185198e-05 0
1693417783712 6.656321161693047e-05 0
1693417783717 5.569421609578339e-05 0
1693417783720 6.271042504624962e-05 0
1693417783722 5.794845602510359e-05 0
1693417783725 4.449673232697868e-05 0
1693417783728 5.758741803809141e-05 0
1693417783731 6.446902761395699e-05 0
1693417783733 6.115171824385983e-05 0
1693417783736 7.284372817670835e-05 0
1693417783738 4.465402459355176e-05 0
1693417783743 4.942664835793884e-05 0
1693417783745 4.368049439377296e-05 0
1693417783748 5.015799683540433e-05 0
1693417783750 6.999429603292554e-05 0
1693417783753 6.617330304001832e-05 0
1693417783755 8.716040805742985e-05 0
1693417783757 3.9404067740153396e-05 0
1693417783760 5.0839454776047515e-05 0
1693417783762 4.9976082382400676e-05 0
1693417783764 5.5035807594655305e-05 0
1693417783766 4.8886506038785154e-05 0
1693417783768 6.118898083104155e-05 0
1693417783771 6.228716697670523e-05 0
