1693417783858 0.013297293335199356 0
1693417783860 0.008777325041592121 0
1693417783863 0.008149615488946438 0
1693417783865 0.00602426053956151 0
1693417783867 0.005517590790987015 0
1693417783870 0.01034359261393547 0
1693417783872 0.0058987438678741455 0
1693417783875 0.004552054218947887 0
1693417783877 0.006547923665493727 0
1693417783879 0.008816143497824669 0
1693417783882 0.004558490589261055 0
1693417783884 0.0075495243072509766 0
1693417783888 0.004271192941814661 0
1693417783892 0.007300172932446003 0
1693417783894 0.006530517712235451 0
1693417783898 0.00720593798905611 0
1693417783901 0.005436920560896397 0
1693417783904 0.004452208522707224 0
1693417783906 0.008297601714730263 0
1693417783908 0.006144265178591013 0
1693417783911 0.005492368713021278 0
1693417783913 0.005712352227419615 0
1693417783915 0.004371738992631435 0
1693417783918 0.008586143143475056 0
1693417783920 0.0045073144137859344 0
1693417783922 0.004248912911862135 0
1693417783927 0.004752606153488159 0
1693417783931 0.0047961133532226086 0
1693417783933 0.005263900384306908 0
1693417783935 0.007969306781888008 0
