1693417786882 0.1391877681016922 0
1693417786886 0.039764696939124 0
1693417786897 0.009995530359447002 0
1693417786900 0.0033138874504301283 0
1693417786903 0.0020453018757204213 0
1693417786907 0.0018415767570129698 0
1693417786913 0.0017661487606043618 0
1693417786915 0.0017341322705356611 0
1693417786918 0.0017437164335408145 0
1693417786922 0.0017160833942600423 0
1693417786924 0.0017363898740667435 0
1693417786928 0.001709922527273496 0
1693417786931 0.0017130937841203478 0
1693417786934 0.0016971666546952394 0
1693417786937 0.0016935482465972502 0
1693417786940 0.0016700387544309099 0
1693417786944 0.0016546305398353273 0
1693417786947 0.0016563025742976202 0
1693417786950 0.001638971954687602 0
1693417786953 0.0016455775023334557 0
1693417786955 0.0016215365483529037 0
1693417786958 0.0016180948328433766 0
1693417786961 0.0016113387601864007 0
1693417786965 0.0016162427038782174 0
1693417786967 0.0015977367551790343 0
1693417786970 0.0016007287971054514 0
1693417786973 0.001582337523965786 0
1693417786977 0.001568808996429046 0
1693417786980 0.0015625994290328687 0
1693417786983 0.001556928191954891 0
