1693417787080 0.23605439066886902 0
1693417787082 0.1179894357919693 0
1693417787086 0.0585242323577404 0
1693417787089 0.034615226089954376 0
1693417787096 0.027342477813363075 0
1693417787099 0.025505904108285904 0
1693417787102 0.02511218562722206 0
1693417787104 0.02493007853627205 0
1693417787107 0.024949578568339348 0
1693417787110 0.024877097457647324 0
1693417787113 0.02484085038304329 0
1693417787116 0.024794623255729675 0
1693417787118 0.024782491847872734 0
1693417787121 0.02479623258113861 0
1693417787123 0.024811984971165657 0
1693417787128 0.024642910808324814 0
1693417787132 0.024519486352801323 0
1693417787135 0.024517584592103958 0
1693417787138 0.02444235421717167 0
1693417787142 0.024296341463923454 0
1693417787145 0.02422071248292923 0
1693417787147 0.024340704083442688 0
1693417787151 0.024274909868836403 0
1693417787153 0.024179399013519287 0
1693417787157 0.024052370339632034 0
1693417787160 0.024025293067097664 0
1693417787163 0.02395215444266796 0
1693417787173 0.02390260249376297 0
1693417787177 0.02380416914820671 0
1693417787183 0.023837201297283173 0
