1693417828151 0.02662607841193676 0
1693417828154 0.011193346232175827 0
1693417828157 0.00913042202591896 0
1693417828160 0.008401274681091309 0
1693417828163 0.008822289295494556 0
1693417828169 0.008328348398208618 0
1693417828172 0.011622280813753605 0
1693417828185 0.006851153448224068 0
1693417828188 0.007994706742465496 0
1693417828190 0.008045020513236523 0
1693417828193 0.006802068557590246 0
1693417828197 0.009282220155000687 0
1693417828199 0.006419816054403782 0
1693417828203 0.00701740849763155 0
1693417828206 0.0071011073887348175 0
1693417828208 0.0047127013094723225 0
1693417828212 0.005103270057588816 0
1693417828215 0.0055896323174238205 0
1693417828218 0.007945342920720577 0
1693417828221 0.008493475615978241 0
1693417828226 0.007575721479952335 0
1693417828230 0.006858928129076958 0
1693417828237 0.008272011764347553 0
1693417828239 0.00491691380739212 0
1693417828242 0.005887090694159269 0
1693417828249 0.006767721846699715 0
1693417828251 0.004399375524371862 0
1693417828256 0.005471706856042147 0
1693417828259 0.005178064573556185 0
1693417828261 0.007168406620621681 0
