1693417827917 0.052979808761462 0
1693417827922 0.00042347008016126197 0
1693417827928 0.00018767707124579366 0
1693417827931 0.0001535614794840389 0
1693417827936 0.00012086074127444713 0
1693417827939 0.00013202712777410082 0
1693417827942 0.00010427636880194768 0
1693417827960 0.00011860860418676304 0
1693417827965 9.898955995903618e-05 0
1693417827970 0.00010348723052460226 0
1693417827981 9.146355616887716e-05 0
1693417827985 9.037275576393784e-05 0
1693417827987 8.368726862422822e-05 0
1693417827990 6.64409449431548e-05 0
1693417827992 6.350565688034433e-05 0
1693417827996 6.557215241073055e-05 0
1693417827999 5.479480973069982e-05 0
1693417828001 6.244368754994219e-05 0
1693417828004 5.572121804338383e-05 0
1693417828007 8.625542059081007e-05 0
1693417828009 6.115140255996405e-05 0
1693417828013 5.883857162281579e-05 0
1693417828019 6.340375690897571e-05 0
1693417828022 4.251566529631619e-05 0
1693417828027 4.833820322207846e-05 0
1693417828029 4.588892384702577e-05 0
1693417828031 4.6225924560823875e-05 0
1693417828035 5.594129202185964e-05 0
1693417828038 4.0365084992194845e-05 0
1693417828041 4.023362838532933e-05 0
