1693418311140 0.30206096172332764 0
1693418311142 0.2673901319503784 0
1693418311147 0.2350957691669464 0
1693418311150 0.2062852680683136 0
1693418311153 0.17856165766716003 0
1693418311155 0.1543055772781372 0
1693418311158 0.1327347308397293 0
1693418311161 0.11407522112131119 0
1693418311163 0.09806420654058456 0
1693418311166 0.08417809009552002 0
1693418311169 0.07241708785295486 0
1693418311171 0.06262598931789398 0
1693418311174 0.05481703579425812 0
1693418311176 0.04836883395910263 0
1693418311178 0.04349450021982193 0
1693418311180 0.04034595564007759 0
1693418311182 0.03665914013981819 0
1693418311185 0.034453704953193665 0
1693418311187 0.03246002271771431 0
1693418311193 0.03218758851289749 0
1693418311195 0.031593915075063705 0
1693418311200 0.030050426721572876 0
1693418311202 0.03004949353635311 0
1693418311208 0.029808688908815384 0
1693418311211 0.02997969649732113 0
1693418311213 0.029394738376140594 0
1693418311217 0.029399510473012924 0
1693418311220 0.027978291735053062 0
1693418311223 0.028768103569746017 0
1693418311225 0.028941066935658455 0
