1693418310915 0.13361525908112526 0
1693418310919 0.1049730759114027 0
1693418310923 0.08215881697833538 0
1693418310926 0.06404629349708557 0
1693418310928 0.04900248069316149 0
1693418310932 0.037031592801213264 0
1693418310937 0.02803420857526362 0
1693418310940 0.020905190845951438 0
1693418310944 0.01569020189344883 0
1693418310949 0.011681430623866618 0
1693418310952 0.00873867265181616 0
1693418310955 0.006707773660309613 0
1693418310958 0.005321719974745065 0
1693418310962 0.004366605076938868 0
1693418310965 0.003723591798916459 0
1693418310968 0.003140078071737662 0
1693418310972 0.002814700244925916 0
1693418310988 0.0025845494237728417 0
1693418311003 0.0026179040723945946 0
1693418311014 0.0024409397738054395 0
1693418311020 0.0023019522050162777 0
1693418311023 0.0023835039464756846 0
1693418311030 0.0022513646545121446 0
1693418311033 0.002164969817386009 0
1693418311035 0.0021726512641180307 0
1693418311038 0.0021583819179795682 0
1693418311040 0.002193257721955888 0
1693418311043 0.0021106584317749366 0
1693418311045 0.0022088644036557525 0
1693418311048 0.002135994116542861 0
