1693417782196 0.04644877091050148 0
1693417782198 0.023989800363779068 0
1693417782202 0.023477839305996895 0
1693417782204 0.023410044610500336 0
1693417782207 0.023350326344370842 0
1693417782210 0.022850926965475082 0
1693417782213 0.0229555144906044 0
1693417782217 0.022129572927951813 0
1693417782220 0.02233380638062954 0
1693417782223 0.022530393674969673 0
1693417782227 0.022054675966501236 0
1693417782230 0.02159138023853302 0
1693417782232 0.02151218242943287 0
1693417782237 0.02092614397406578 0
1693417782241 0.02123977616429329 0
1693417782246 0.02101193368434906 0
1693417782249 0.020732715725898743 0
1693417782253 0.020480867475271225 0
1693417782255 0.02034975402057171 0
1693417782258 0.0201767198741436 0
1693417782261 0.020194463431835175 0
1693417782267 0.01987176202237606 0
1693417782269 0.01972087100148201 0
1693417782273 0.01936238259077072 0
1693417782277 0.01956898346543312 0
1693417782280 0.01940622180700302 0
1693417782283 0.018803633749485016 0
1693417782287 0.019524607807397842 0
1693417782292 0.018781501799821854 0
1693417782295 0.018617354333400726 0
