1693417781985 0.036928176052040525 0
1693417781990 0.001983947445599673 0
1693417781993 0.0014714668682750522 0
1693417781997 0.001440719559064342 0
1693417782004 0.001429562237010234 0
1693417782008 0.0014307870377605367 0
1693417782012 0.0014204438161363618 0
1693417782015 0.0013253852545555371 0
1693417782017 0.0013037439978991945 0
1693417782022 0.0012996122338032972 0
1693417782027 0.0012697480520324057 0
1693417782029 0.0012670714285276416 0
1693417782032 0.0012368661611819537 0
1693417782038 0.001175428389008933 0
1693417782041 0.0011605837046065265 0
1693417782044 0.001141712181076097 0
1693417782046 0.001122538354441834 0
1693417782049 0.0011157094486407004 0
1693417782051 0.001108386160113797 0
1693417782055 0.0010704284391572906 0
1693417782057 0.0010597117612228936 0
1693417782059 0.0010190875537874592 0
1693417782062 0.0010321320490523551 0
1693417782065 0.0009851294251145898 0
1693417782068 0.0009647798740641318 0
1693417782071 0.000947467285893961 0
1693417782075 0.0009261172348892109 0
1693417782078 0.0009209155226320339 0
1693417782083 0.0009026541334201789 0
1693417782086 0.0008849209787311136 0
