1693418092157 0.17495926221211752 0
1693418092161 0.15877738893032073 0
1693418092165 0.14389048516750336 0
1693418092171 0.13007053931554158 0
1693418092175 0.11717010488112768 0
1693418092178 0.10509841243426005 0
1693418092180 0.09380638549725215 0
1693418092191 0.08327406247456869 0
1693418092194 0.07350063423315684 0
1693418092196 0.06449321607748668 0
1693418092199 0.05625964254140854 0
1693418092202 0.04880494475364685 0
1693418092207 0.042122262467940645 0
1693418092209 0.036193944265445074 0
1693418092212 0.030990137656529745 0
1693418092215 0.026466993739207585 0
1693418092218 0.022573505714535713 0
1693418092222 0.01925070509314537 0
1693418092225 0.016437176739176114 0
1693418092229 0.014070733388264974 0
1693418092232 0.012091945732633273 0
1693418092236 0.010445977312823136 0
1693418092239 0.009081628980735938 0
1693418092241 0.007953256151328485 0
1693418092245 0.007022139678398768 0
1693418092249 0.0062545193980137505 0
1693418092252 0.00562126599252224 0
1693418092255 0.005098852360000213 0
1693418092259 0.0046678285424908 0
1693418092262 0.004311661624039213 0
