1693418092364 0.3713797628879547 0
1693418092367 0.353200763463974 0
1693418092370 0.3354533612728119 0
1693418092374 0.3179823160171509 0
1693418092380 0.3006851077079773 0
1693418092385 0.2835099995136261 0
1693418092388 0.26646408438682556 0
1693418092390 0.2495698630809784 0
1693418092393 0.23287834227085114 0
1693418092397 0.21646523475646973 0
1693418092401 0.20042547583580017 0
1693418092403 0.1849314421415329 0
1693418092408 0.1700930893421173 0
1693418092410 0.15616028010845184 0
1693418092413 0.14324840903282166 0
1693418092416 0.13156600296497345 0
1693418092419 0.12108835577964783 0
1693418092421 0.11150533705949783 0
1693418092424 0.10271559655666351 0
1693418092428 0.09469448775053024 0
1693418092430 0.0874636322259903 0
1693418092435 0.08102205395698547 0
1693418092443 0.07533982396125793 0
1693418092446 0.07035109400749207 0
1693418092449 0.06588496267795563 0
1693418092451 0.06188444420695305 0
1693418092454 0.05829715356230736 0
1693418092458 0.05509138107299805 0
1693418092460 0.05224023386836052 0
1693418092464 0.0496782548725605 0
