1693418031035 0.16841706782579421 0
1693418031040 0.15858176996310552 0
1693418031048 0.14816597650448482 0
1693418031058 0.14036782483259838 0
1693418031061 0.1306020384033521 0
1693418031064 0.12170001616080602 0
1693418031067 0.11324891621867815 0
1693418031069 0.10456773762901624 0
1693418031077 0.09736490845680237 0
1693418031080 0.09014317616820336 0
1693418031089 0.08321979343891144 0
1693418031096 0.07585101872682572 0
1693418031098 0.06911131019393603 0
1693418031103 0.06277539966007074 0
1693418031107 0.05637613957126935 0
1693418031112 0.05120592614014943 0
1693418031118 0.04539241616924604 0
1693418031128 0.04007256633291642 0
1693418031137 0.035732086996237436 0
1693418031140 0.03152133002877235 0
1693418031148 0.02775263153016567 0
1693418031150 0.02421622766802708 0
1693418031159 0.021256177748243014 0
1693418031165 0.01834860360249877 0
1693418031168 0.015971472517897687 0
1693418031171 0.013916494448979695 0
1693418031174 0.01235494843373696 0
1693418031180 0.010612454141179721 0
1693418031184 0.009496248792856932 0
1693418031192 0.008246664066488545 0
