1693418031296 0.35069000720977783 0
1693418031298 0.3405225872993469 0
1693418031301 0.3293153941631317 0
1693418031305 0.31817013025283813 0
1693418031307 0.3079787492752075 0
1693418031309 0.29678580164909363 0
1693418031314 0.28669673204421997 0
1693418031316 0.2751154601573944 0
1693418031319 0.263717919588089 0
1693418031324 0.25255516171455383 0
1693418031327 0.2419816106557846 0
1693418031330 0.23040908575057983 0
1693418031334 0.21839961409568787 0
1693418031336 0.2071160525083542 0
1693418031339 0.19585514068603516 0
1693418031343 0.18441034853458405 0
1693418031344 0.17305460572242737 0
1693418031348 0.16191552579402924 0
1693418031351 0.15159788727760315 0
1693418031354 0.1414678543806076 0
1693418031358 0.13147734105587006 0
1693418031363 0.12251458317041397 0
1693418031367 0.11347896605730057 0
1693418031369 0.10470101982355118 0
1693418031372 0.09746059030294418 0
1693418031374 0.0910654217004776 0
1693418031377 0.08412410318851471 0
1693418031384 0.07874491810798645 0
1693418031389 0.07341869175434113 0
1693418031394 0.0690133199095726 0
