1693417778560 0.19215280279307298 0
1693417778564 0.17834390636900782 0
1693417778568 0.165116924425246 0
1693417778573 0.15204226960178832 0
1693417778578 0.1388595004526662 0
1693417778581 0.12579428509507382 0
1693417778584 0.11343420968509056 0
1693417778587 0.10165637091431819 0
1693417778590 0.09007592520243685 0
1693417778594 0.07917217983746193 0
1693417778597 0.06886543926428741 0
1693417778600 0.05915085719504826 0
1693417778603 0.05055624487954126 0
1693417778606 0.043127751738672525 0
1693417778609 0.03649391866171024 0
1693417778612 0.030695793835420003 0
1693417778615 0.025689196733521744 0
1693417778618 0.021413852841081753 0
1693417778621 0.017746416956815923 0
1693417778630 0.014609884037832978 0
1693417778633 0.011958420027414677 0
1693417778637 0.009787266155783559 0
1693417778640 0.008005203534914573 0
1693417778643 0.0065503621893659445 0
1693417778647 0.005381702268364983 0
1693417778649 0.004448051561116123 0
1693417778652 0.0037137578425168153 0
1693417778655 0.0031354074254894343 0
1693417778663 0.0026967848608480164 0
1693417778673 0.002375582798751412 0
