1693417778779 0.3667208254337311 0
1693417778781 0.3508011996746063 0
1693417778783 0.33474257588386536 0
1693417778787 0.31768831610679626 0
1693417778789 0.29952603578567505 0
1693417778792 0.2816917598247528 0
1693417778797 0.26400333642959595 0
1693417778799 0.2460281252861023 0
1693417778801 0.22740614414215088 0
1693417778804 0.20956434309482574 0
1693417778808 0.19119930267333984 0
1693417778810 0.1735646277666092 0
1693417778813 0.15787024796009064 0
1693417778816 0.143839493393898 0
1693417778819 0.13073261082172394 0
1693417778821 0.11842227727174759 0
1693417778826 0.10759709030389786 0
1693417778828 0.09794076532125473 0
1693417778831 0.08912648260593414 0
1693417778833 0.08092045783996582 0
1693417778840 0.07345680147409439 0
1693417778842 0.0666390061378479 0
1693417778845 0.06053438410162926 0
1693417778847 0.054812584072351456 0
1693417778849 0.04984336718916893 0
1693417778852 0.0454612672328949 0
1693417778855 0.04154109209775925 0
1693417778857 0.03820505365729332 0
1693417778859 0.035319916903972626 0
1693417778861 0.032925885170698166 0
