1693418497454 0.040083128958940506 0
1693418497456 0.033141110092401505 0
1693418497459 0.02763844095170498 0
1693418497462 0.02609800361096859 0
1693418497464 0.024307111278176308 0
1693418497466 0.023308392614126205 0
1693418497470 0.02063591405749321 0
1693418497474 0.01559817511588335 0
1693418497476 0.0147708710283041 0
1693418497478 0.013731044717133045 0
1693418497482 0.012618089094758034 0
1693418497485 0.012678640894591808 0
1693418497487 0.01270068995654583 0
1693418497492 0.012045728042721748 0
1693418497494 0.011063946411013603 0
1693418497496 0.010902914218604565 0
1693418497498 0.010757355019450188 0
1693418497502 0.010723397135734558 0
1693418497505 0.01054294966161251 0
1693418497507 0.009987954050302505 0
1693418497512 0.010064439848065376 0
1693418497514 0.009858240373432636 0
1693418497518 0.01083846390247345 0
1693418497523 0.011292506009340286 0
1693418497525 0.009566938504576683 0
1693418497528 0.011028655804693699 0
1693418497533 0.009449493139982224 0
1693418497536 0.009179195389151573 0
1693418497538 0.009081976488232613 0
1693418497545 0.008657579310238361 0
