1693418497200 0.07350586779260387 0
1693418497204 0.0034257744050895174 0
1693418497208 0.0019578540396954242 0
1693418497212 0.001779780408833176 0
1693418497217 0.0017266205919440835 0
1693418497220 0.0014505194713516781 0
1693418497224 0.0011651234507250288 0
1693418497227 0.0007608181748461599 0
1693418497237 0.0005350219056708738 0
1693418497245 0.0004626019644395759 0
1693418497255 0.000403917601700717 0
1693418497258 0.000369946703237171 0
1693418497264 0.00033456524979555977 0
1693418497268 0.0003014268591262711 0
1693418497273 0.0002718058118868309 0
1693418497278 0.00026129379160314177 0
1693418497285 0.0002443739011747918 0
1693418497288 0.00024561932659707966 0
1693418497292 0.00023464448847031842 0
1693418497295 0.00022565666331502142 0
1693418497298 0.00022909691081925607 0
1693418497304 0.00022174459324257137 0
1693418497307 0.00021171365976139592 0
1693418497309 0.0002084172713997153 0
1693418497312 0.00021428209292935209 0
1693418497317 0.0001925486290322927 0
1693418497320 0.00019072755627955 0
1693418497324 0.00018017603554956925 0
1693418497326 0.00017387299934246888 0
1693418497328 0.00017515880972496234 0
