1693417925488 0.088929183781147 0
1693417925490 0.029899243265390396 0
1693417925495 0.026499126106500626 0
1693417925499 0.0262521430850029 0
1693417925503 0.025831693783402443 0
1693417925505 0.022669717669487 0
1693417925508 0.020705752074718475 0
1693417925511 0.018601104617118835 0
1693417925514 0.016462819650769234 0
1693417925516 0.015014918521046638 0
1693417925520 0.014014439657330513 0
1693417925523 0.01351409126073122 0
1693417925525 0.012893524952232838 0
1693417925528 0.012602456845343113 0
1693417925530 0.012079315260052681 0
1693417925534 0.011949945241212845 0
1693417925537 0.011756625026464462 0
1693417925544 0.011829216033220291 0
1693417925548 0.0112235676497221 0
1693417925550 0.010932671837508678 0
1693417925553 0.011648298241198063 0
1693417925555 0.010398740880191326 0
1693417925559 0.01034395769238472 0
1693417925562 0.010046664625406265 0
1693417925564 0.010121216997504234 0
1693417925567 0.009780025109648705 0
1693417925570 0.010046769864857197 0
1693417925573 0.009518587030470371 0
1693417925575 0.009254535660147667 0
1693417925578 0.009138741530478 0
