1693417925303 0.08501443431033927 0
1693417925307 0.0037346978600815697 0
1693417925311 0.0020719356533984447 0
1693417925314 0.0018510609713256738 0
1693417925318 0.0016788658907960596 0
1693417925321 0.0013926747764097685 0
1693417925323 0.0011445068075001967 0
1693417925326 0.0009386583334486142 0
1693417925328 0.0007294262791451035 0
1693417925337 0.0005717126473042546 0
1693417925340 0.00048041031242079905 0
1693417925345 0.00043311387177663303 0
1693417925347 0.000394152191031519 0
1693417925349 0.00036698711643358536 0
1693417925353 0.00034359642018374624 0
1693417925356 0.0003265494651405804 0
1693417925359 0.0003094058444376214 0
1693417925362 0.0002892108888649461 0
1693417925365 0.00027742313977796584 0
1693417925368 0.0002709990298233421 0
1693417925370 0.00025761936250107235 0
1693417925374 0.00024520398746047297 0
1693417925376 0.00023833896816309572 0
1693417925380 0.00022886231491318508 0
1693417925384 0.0002191997852405312 0
1693417925387 0.00021158835122566985 0
1693417925391 0.00020999745927036787 0
1693417925395 0.00020543894912037304 0
1693417925397 0.0001951471279164129 0
1693417925400 0.00018796524966739403 0
