1693418062018 0.03587049930356443 0
1693418062022 0.0027289013223101696 0
1693418062025 0.002639010890076558 0
1693418062029 0.0025797597287843623 0
1693418062035 0.0025190905512621005 0
1693418062040 0.0024673012007648746 0
1693418062043 0.0024102803707743686 0
1693418062045 0.0023461501502121487 0
1693418062050 0.002283675169261793 0
1693418062053 0.0022229316954811415 0
1693418062055 0.0021675018593668937 0
1693418062059 0.002107437886297703 0
1693418062062 0.002045004372484982 0
1693418062065 0.0019827379767472547 0
1693418062069 0.0019214426710580787 0
1693418062076 0.0018617024489988884 0
1693418062081 0.0017987159158413609 0
1693418062083 0.0017436446311573188 0
1693418062086 0.001683981871853272 0
1693418062092 0.00162305609555915 0
1693418062095 0.001569674660762151 0
1693418062098 0.0015113103048255045 0
1693418062101 0.0014548576010080675 0
1693418062103 0.0014059491960021356 0
1693418062109 0.0013537928966494898 0
1693418062112 0.001303883381964018 0
1693418062115 0.0012562816535743573 0
1693418062118 0.0012082922932070991 0
1693418062121 0.001164979018115749 0
1693418062124 0.0011233694773788254 0
