1693418062233 0.03474785387516022 0
1693418062235 0.031118595972657204 0
1693418062243 0.030308129265904427 0
1693418062245 0.029864225536584854 0
1693418062249 0.030793210491538048 0
1693418062253 0.030073054134845734 0
1693418062255 0.029985947534441948 0
1693418062258 0.029788119718432426 0
1693418062261 0.029200932011008263 0
1693418062263 0.02888011559844017 0
1693418062266 0.027953380718827248 0
1693418062269 0.028057333081960678 0
1693418062273 0.027910051867365837 0
1693418062276 0.027885405346751213 0
1693418062280 0.026782182976603508 0
1693418062282 0.0268256738781929 0
1693418062285 0.02600252442061901 0
1693418062290 0.026218866929411888 0
1693418062293 0.025718120858073235 0
1693418062296 0.025388279929757118 0
1693418062300 0.025296367704868317 0
1693418062303 0.024408750236034393 0
1693418062306 0.024425942450761795 0
1693418062308 0.024014892056584358 0
1693418062311 0.023692430928349495 0
1693418062314 0.023222466930747032 0
1693418062318 0.022589851170778275 0
1693418062321 0.022346606478095055 0
1693418062324 0.021802879869937897 0
1693418062329 0.021717442199587822 0
