1693418207304 0.03419417440891266 0
1693418207308 0.003009984331826369 0
1693418207312 0.00204704354206721 0
1693418207315 0.001309215419072037 0
1693418207317 0.0007619192804365108 0
1693418207320 0.000619307171048907 0
1693418207324 0.0006074820761568844 0
1693418207327 0.0006305725265216704 0
1693418207330 0.0005755500179172184 0
1693418207332 0.00048176396473233277 0
1693418207337 0.0004575757523222516 0
1693418207340 0.0003999293529583762 0
1693418207342 0.00045801586335680135 0
1693418207350 0.0003434229768269385 0
1693418207352 0.0003221996385642948 0
1693418207362 0.0002956271535367705 0
1693418207365 0.00028368575246228524 0
1693418207368 0.00031938219763105735 0
1693418207392 0.00028962094947928565 0
1693418207397 0.00025453922814146305 0
1693418207401 0.0002868891586937631 0
1693418207406 0.00022538655078581846 0
1693418207409 0.00020428565912880003 0
1693418207411 0.00019191958053852432 0
1693418207413 0.0001871000872294341 0
1693418207417 0.0001620718491418908 0
1693418207421 0.0002088672522707687 0
1693418207426 0.00015738729877436223 0
1693418207430 0.0001500470010796562 0
1693418207433 0.00012360692611158204 0
