1693418207529 0.04748943820595741 0
1693418207533 0.02933335117995739 0
1693418207536 0.026505833491683006 0
1693418207542 0.0209079347550869 0
1693418207546 0.01642429269850254 0
1693418207549 0.017007458955049515 0
1693418207552 0.01784064620733261 0
1693418207556 0.017440756782889366 0
1693418207559 0.015519489534199238 0
1693418207563 0.01596943661570549 0
1693418207571 0.013771227560937405 0
1693418207573 0.01626509614288807 0
1693418207576 0.013974979519844055 0
1693418207579 0.013322398997843266 0
1693418207581 0.011379395611584187 0
1693418207587 0.011836002580821514 0
1693418207594 0.011279014870524406 0
1693418207600 0.011491494253277779 0
1693418207603 0.013418596237897873 0
1693418207606 0.013852864503860474 0
1693418207608 0.012605245225131512 0
1693418207610 0.01106393150985241 0
1693418207613 0.011211114935576916 0
1693418207616 0.01626988872885704 0
1693418207618 0.009639205411076546 0
1693418207622 0.014052552171051502 0
1693418207624 0.008938226848840714 0
1693418207628 0.008522856049239635 0
1693418207631 0.009441309608519077 0
1693418207636 0.007247477769851685 0
