1693417772460 0.1967163383960724 0
1693417772462 0.1500621736049652 0
1693417772464 0.13487952947616577 0
1693417772467 0.13248327374458313 0
1693417772470 0.1324642151594162 0
1693417772476 0.1320457011461258 0
1693417772478 0.13125552237033844 0
1693417772485 0.13059931993484497 0
1693417772487 0.13029086589813232 0
1693417772490 0.12963634729385376 0
1693417772493 0.12918968498706818 0
1693417772500 0.12880343198776245 0
1693417772502 0.12843140959739685 0
1693417772506 0.12801791727542877 0
1693417772508 0.12766048312187195 0
1693417772512 0.12722247838974 0
1693417772518 0.1268400400876999 0
1693417772520 0.1266014575958252 0
1693417772526 0.1262878179550171 0
1693417772529 0.12598200142383575 0
1693417772538 0.12582279741764069 0
1693417772542 0.12542837858200073 0
1693417772546 0.12523223459720612 0
1693417772549 0.1249622106552124 0
1693417772552 0.12476202100515366 0
1693417772558 0.1244385614991188 0
1693417772560 0.12428103387355804 0
1693417772566 0.1239483654499054 0
1693417772568 0.123863086104393 0
1693417772577 0.1236315444111824 0
