1693417772255 0.09958290764027172 0
1693417772259 0.0579737743569745 0
1693417772270 0.049447491558061704 0
1693417772274 0.048939116299152374 0
1693417772277 0.04877628820637862 0
1693417772280 0.048705389723181725 0
1693417772286 0.04863243984679381 0
1693417772289 0.04854289587173197 0
1693417772293 0.04845121689140797 0
1693417772299 0.04841313511133194 0
1693417772302 0.048393076492680445 0
1693417772305 0.04831178320778741 0
1693417772307 0.04825882116953532 0
1693417772309 0.0482114412718349 0
1693417772313 0.048172193889816604 0
1693417772316 0.04812180085314645 0
1693417772319 0.048102530340353646 0
1693417772327 0.04804998698333899 0
1693417772329 0.048033925187256604 0
1693417772334 0.04796870590911971 0
1693417772336 0.047983411285612315 0
1693417772339 0.04792162672513061 0
1693417772343 0.047881948865122266 0
1693417772345 0.04784754373961025 0
1693417772349 0.047820691019296646 0
1693417772353 0.04778858294917478 0
1693417772356 0.047758886176678866 0
1693417772359 0.04774397715098328 0
1693417772362 0.04772652271721098 0
1693417772364 0.04769198368820879 0
