1693417779893 0.20638572284951806 0
1693417779897 0.010011890346908735 0
1693417779900 0.0031406394684583777 0
1693417779903 0.0020604379306961265 0
1693417779913 0.0017475906901785897 0
1693417779916 0.0015206338850677842 0
1693417779918 0.0012880110686334472 0
1693417779922 0.0010476897166679716 0
1693417779928 0.0008458256618016296 0
1693417779931 0.0006879576168204141 0
1693417779937 0.0005557292994732658 0
1693417779942 0.00045417595538310707 0
1693417779944 0.00039037504433912947 0
1693417779947 0.0003533901674220235 0
1693417779949 0.00033760109848420444 0
1693417779952 0.00031806785652103525 0
1693417779960 0.00030150568232380063 0
1693417779962 0.0002897795913870343 0
1693417779966 0.00028390295079184905 0
1693417779968 0.0002753994599010588 0
1693417779972 0.00026375843784383807 0
1693417779987 0.000256529566185135 0
1693417779990 0.0002541693684179336 0
1693417779992 0.00024297775073339127 0
1693417779998 0.00023048959863242798 0
1693417780000 0.00022405119913552576 0
1693417780003 0.00021635945773191957 0
1693417780006 0.00021017888421839516 0
1693417780009 0.00020299574114485748 0
1693417780012 0.0001940569208171736 0
