1693417780104 0.14075058698654175 0
1693417780106 0.06842222809791565 0
1693417780109 0.02929549105465412 0
1693417780112 0.027053359895944595 0
1693417780115 0.024197883903980255 0
1693417780117 0.023016653954982758 0
1693417780119 0.021857358515262604 0
1693417780121 0.019743522629141808 0
1693417780123 0.017171649262309074 0
1693417780126 0.01607639715075493 0
1693417780129 0.014104500412940979 0
1693417780131 0.013256542384624481 0
1693417780134 0.012208648957312107 0
1693417780136 0.011752748861908913 0
1693417780139 0.011485115624964237 0
1693417780142 0.011004757136106491 0
1693417780145 0.010832616128027439 0
1693417780147 0.010799732059240341 0
1693417780149 0.010932856239378452 0
1693417780152 0.010646807961165905 0
1693417780155 0.01046387292444706 0
1693417780157 0.01036617998033762 0
1693417780159 0.010327772237360477 0
1693417780162 0.010031470097601414 0
1693417780165 0.009753582999110222 0
1693417780169 0.00968928262591362 0
1693417780175 0.009529201313853264 0
1693417780177 0.009506434202194214 0
1693417780182 0.009425275027751923 0
1693417780185 0.009640967473387718 0
