1693417885546 0.2173604816198349 0
1693417885548 0.07189446687698364 0
1693417885551 0.05067097768187523 0
1693417885553 0.03570547327399254 0
1693417885555 0.036236245185136795 0
1693417885558 0.03285989910364151 0
1693417885560 0.033317845314741135 0
1693417885568 0.030534779652953148 0
1693417885570 0.03126268461346626 0
1693417885577 0.03091535158455372 0
1693417885581 0.02615531161427498 0
1693417885583 0.02373603545129299 0
1693417885586 0.021118247881531715 0
1693417885588 0.01866772398352623 0
1693417885590 0.017297549173235893 0
1693417885593 0.016572078689932823 0
1693417885598 0.015763552859425545 0
1693417885601 0.015185751020908356 0
1693417885604 0.015631135553121567 0
1693417885631 0.014640710316598415 0
1693417885637 0.014887072145938873 0
1693417885639 0.015220867469906807 0
1693417885642 0.01433484349399805 0
1693417885644 0.014205721206963062 0
1693417885647 0.014534753747284412 0
1693417885649 0.013538548722863197 0
1693417885651 0.013732165098190308 0
1693417885653 0.013611925765872002 0
1693417885656 0.01390034519135952 0
1693417885658 0.013489189557731152 0
