1693417885272 0.12432598056537765 0
1693417885276 0.033192042128315995 0
1693417885279 0.005316803364881447 0
1693417885282 0.004545437654347292 0
1693417885287 0.0033789997354948093 0
1693417885289 0.00311395208284791 0
1693417885294 0.0029085212320621523 0
1693417885298 0.0027604412503673564 0
1693417885301 0.002567971158506615 0
1693417885305 0.0025347003413896474 0
1693417885307 0.002073476165865681 0
1693417885316 0.001777594501618296 0
1693417885318 0.0013731656529541527 0
1693417885321 0.0009769236806148132 0
1693417885325 0.0008088497187210513 0
1693417885329 0.0006743288810996871 0
1693417885333 0.0006138051872507536 0
1693417885338 0.0005957545030729047 0
1693417885340 0.0005408196718365486 0
1693417885353 0.0005144115587297295 0
1693417885357 0.0005073143422902961 0
1693417885359 0.0005053023965696671 0
1693417885361 0.0004974180337740108 0
1693417885364 0.00048481900635774115 0
1693417885368 0.00046649586874991655 0
1693417885370 0.00044062796223443 0
1693417885381 0.0004363471463355901 0
1693417885387 0.00044027876616123 0
1693417885389 0.00041066905812060995 0
1693417885391 0.00040318647058614133 0
