1693418346531 0.014284607293172125 0
1693418346535 0.001059780495333538 0
1693418346539 0.0004030605476077224 0
1693418346547 0.0003002230115048148 0
1693418346550 0.0002490423330356244 0
1693418346553 0.00020771946816788636 0
1693418346556 0.0001952959472238842 0
1693418346558 0.00014814472977480554 0
1693418346562 0.00014177486020412717 0
1693418346565 0.00012693080353992113 0
1693418346568 0.00012211536166020933 0
1693418346571 0.00011012589702830773 0
1693418346574 9.272135777688884e-05 0
1693418346577 0.00010029927607491736 0
1693418346580 8.87477021161379e-05 0
1693418346584 7.842509299769277e-05 0
1693418346587 8.239559679597458e-05 0
1693418346597 7.63702766287782e-05 0
1693418346600 7.948930860433359e-05 0
1693418346605 7.228949999564134e-05 0
1693418346607 6.216711486593099e-05 0
1693418346611 6.947268844188964e-05 0
1693418346614 6.176295766018261e-05 0
1693418346617 5.230697508591649e-05 0
1693418346620 5.962281452326042e-05 0
1693418346623 5.222157071913452e-05 0
1693418346627 5.045849001413993e-05 0
1693418346632 5.461255493156507e-05 0
1693418346635 5.503221730595094e-05 0
1693418346672 4.092141654905819e-05 0
