1693418346761 0.02905016392469406 0
1693418346764 0.014868887141346931 0
1693418346767 0.013981043361127377 0
1693418346770 0.012648149393498898 0
1693418346772 0.010218345560133457 0
1693418346775 0.009739154949784279 0
1693418346777 0.00957578606903553 0
1693418346781 0.008793486282229424 0
1693418346784 0.008569063618779182 0
1693418346787 0.010182173922657967 0
1693418346790 0.0073805516585707664 0
1693418346795 0.007521302439272404 0
1693418346798 0.007780042942613363 0
1693418346805 0.00882364995777607 0
1693418346808 0.006045392714440823 0
1693418346811 0.006910900119692087 0
1693418346814 0.007348860614001751 0
1693418346816 0.00593122374266386 0
1693418346819 0.006931476294994354 0
1693418346824 0.005411345511674881 0
1693418346827 0.007440150249749422 0
1693418346830 0.006145808845758438 0
1693418346835 0.005465652793645859 0
1693418346837 0.006271510384976864 0
1693418346842 0.0059960754588246346 0
1693418346847 0.006018443498760462 0
1693418346851 0.005178885534405708 0
1693418346854 0.007167867850512266 0
1693418346857 0.005564916878938675 0
1693418346860 0.0048407092690467834 0
