1693417786231 0.36906805634498596 0
1693417786233 0.33140456676483154 0
1693417786236 0.2938089370727539 0
1693417786239 0.2562357783317566 0
1693417786244 0.21870744228363037 0
1693417786248 0.18130086362361908 0
1693417786250 0.14529500901699066 0
1693417786254 0.11339113116264343 0
1693417786256 0.0879581868648529 0
1693417786259 0.06742732226848602 0
1693417786262 0.052327487617731094 0
1693417786265 0.04188252612948418 0
1693417786268 0.034643370658159256 0
1693417786277 0.029504932463169098 0
1693417786280 0.026165518909692764 0
1693417786282 0.024149088189005852 0
1693417786284 0.023012779653072357 0
1693417786287 0.02248934470117092 0
1693417786289 0.022038865834474564 0
1693417786292 0.02167402394115925 0
1693417786296 0.021359890699386597 0
1693417786298 0.02098260261118412 0
1693417786301 0.02057623118162155 0
1693417786303 0.020237725228071213 0
1693417786306 0.02001909725368023 0
1693417786308 0.01953946053981781 0
1693417786311 0.0193263441324234 0
1693417786313 0.018978480249643326 0
1693417786316 0.018621889874339104 0
1693417786319 0.018450649455189705 0
