1693417786021 0.19885810216267905 0
1693417786024 0.16535403082768121 0
1693417786033 0.1355052971177631 0
1693417786039 0.10808698957165082 0
1693417786044 0.0840117981036504 0
1693417786048 0.06281172442767355 0
1693417786052 0.0446690260950062 0
1693417786055 0.030034963972866535 0
1693417786059 0.019133646972477436 0
1693417786067 0.011685380194750097 0
1693417786069 0.0070162454309562845 0
1693417786072 0.004242446674551401 0
1693417786074 0.0027326178452413944 0
1693417786078 0.0019735392997972667 0
1693417786082 0.0016248904285021126 0
1693417786085 0.001476684433226991 0
1693417786088 0.0014331013662740588 0
1693417786093 0.001375858025211427 0
1693417786096 0.0013384139779696448 0
1693417786099 0.001286888585632874 0
1693417786102 0.0012657489149003392 0
1693417786104 0.0012290991693993823 0
1693417786108 0.0012091937403763747 0
1693417786111 0.0011746475227280622 0
1693417786114 0.0011306803628233159 0
1693417786117 0.0011124285229016095 0
1693417786120 0.0010606531415962512 0
1693417786123 0.001028351404885244 0
1693417786127 0.0010116877545240438 0
1693417786130 0.0009805788738756543 0
