1693417767324 0.1018946251521508 0
1693417767329 0.05758008754087819 0
1693417767334 0.04941602082302173 0
1693417767337 0.04868758169727193 0
1693417767340 0.048577922499842115 0
1693417767348 0.04839705292963319 0
1693417767354 0.04833099897950888 0
1693417767356 0.04819436723159419 0
1693417767365 0.0481133908033371 0
1693417767370 0.04800952557060453 0
1693417767372 0.04800338794787725 0
1693417767374 0.04796269867155287 0
1693417767377 0.04788733470357127 0
1693417767380 0.047734804554945894 0
1693417767382 0.047659425996243954 0
1693417767384 0.047634204332199365 0
1693417767387 0.047577469816638365 0
1693417767389 0.047530515429874264 0
1693417767392 0.04753261949453089 0
1693417767395 0.04750559406561984 0
1693417767397 0.04738928139623669 0
1693417767399 0.04744882850597302 0
1693417767401 0.04723686600724856 0
1693417767404 0.047329249481360115 0
1693417767406 0.047227633806566395 0
1693417767408 0.04729853622201416 0
1693417767411 0.04719608018381728 0
1693417767413 0.04718800551361508 0
1693417767416 0.04712582245055172 0
1693417767419 0.04711754506246911 0
