1693417767505 0.195563405752182 0
1693417767508 0.15033070743083954 0
1693417767512 0.13746970891952515 0
1693417767515 0.13526123762130737 0
1693417767517 0.1345016062259674 0
1693417767520 0.13388890027999878 0
1693417767523 0.13324519991874695 0
1693417767526 0.13274051249027252 0
1693417767529 0.132022887468338 0
1693417767533 0.13147486746311188 0
1693417767537 0.1307196021080017 0
1693417767540 0.13020358979701996 0
1693417767544 0.12985557317733765 0
1693417767547 0.12944665551185608 0
1693417767554 0.12869277596473694 0
1693417767558 0.1282426118850708 0
1693417767560 0.12792637944221497 0
1693417767563 0.12751036882400513 0
1693417767570 0.12715239822864532 0
1693417767579 0.12662746012210846 0
1693417767588 0.12636050581932068 0
1693417767592 0.12599729001522064 0
1693417767597 0.12589269876480103 0
1693417767599 0.12551109492778778 0
1693417767610 0.12512777745723724 0
1693417767616 0.12480974197387695 0
1693417767619 0.12458695471286774 0
1693417767621 0.12420838326215744 0
1693417767628 0.12408808618783951 0
1693417767630 0.12381165474653244 0
