1693418127594 0.20768672227859497 0
1693418127596 0.10082349926233292 0
1693418127598 0.04871632531285286 0
1693418127600 0.03356771543622017 0
1693418127604 0.030211634933948517 0
1693418127606 0.029632659628987312 0
1693418127608 0.029307041317224503 0
1693418127614 0.02918056584894657 0
1693418127617 0.029004555195569992 0
1693418127619 0.028917985036969185 0
1693418127622 0.028844529762864113 0
1693418127624 0.028842443600296974 0
1693418127626 0.02861722745001316 0
1693418127631 0.028492964804172516 0
1693418127634 0.028361892327666283 0
1693418127636 0.02828356996178627 0
1693418127638 0.02834470197558403 0
1693418127641 0.028338858857750893 0
1693418127644 0.02817070111632347 0
1693418127646 0.02815229818224907 0
1693418127648 0.02791816182434559 0
1693418127650 0.02779367007315159 0
1693418127653 0.027780957520008087 0
1693418127655 0.027633825317025185 0
1693418127658 0.027608301490545273 0
1693418127661 0.027505386620759964 0
1693418127664 0.02748083882033825 0
1693418127666 0.027304930612444878 0
1693418127669 0.027203045785427094 0
1693418127671 0.02697315253317356 0
