1693418127345 0.10080917769422133 0
1693418127350 0.030713959038257597 0
1693418127354 0.007326230371836573 0
1693418127357 0.0030386204559666413 0
1693418127364 0.00244901333838546 0
1693418127372 0.002347922650127051 0
1693418127375 0.0023142584939099225 0
1693418127383 0.002291975023884637 0
1693418127386 0.002272010315209627 0
1693418127390 0.0022534905719415596 0
1693418127392 0.0022340801476578537 0
1693418127396 0.0022163126695280274 0
1693418127399 0.002197035326389596 0
1693418127402 0.002178891730242564 0
1693418127405 0.00216175253832868 0
1693418127407 0.0021437597160305208 0
1693418127412 0.002126432433336352 0
1693418127414 0.0021084643303765915 0
1693418127417 0.002091162404879772 0
1693418127436 0.0020746911298677637 0
1693418127438 0.002056959872425068 0
1693418127442 0.0020408170617884024 0
1693418127444 0.0020237148428956667 0
1693418127447 0.002007402988965623 0
1693418127454 0.0019914365460863338 0
1693418127457 0.0019753594843981166 0
1693418127464 0.0019586230933782644 0
1693418127466 0.0019430149783147498 0
1693418127475 0.0019271309536028033 0
1693418127479 0.0019111205353207577 0
