1693418380493 0.36656761169433594 0
1693418380495 0.36145371198654175 0
1693418380498 0.3552267253398895 0
1693418380502 0.3496202230453491 0
1693418380505 0.34408870339393616 0
1693418380507 0.33865782618522644 0
1693418380510 0.333474338054657 0
1693418380513 0.3279024064540863 0
1693418380516 0.3229943811893463 0
1693418380518 0.3174121379852295 0
1693418380521 0.3121801018714905 0
1693418380531 0.30781126022338867 0
1693418380535 0.302396684885025 0
1693418380540 0.2975674271583557 0
1693418380542 0.2927587032318115 0
1693418380544 0.2878970205783844 0
1693418380547 0.28289487957954407 0
1693418380551 0.2786508798599243 0
1693418380554 0.2738127112388611 0
1693418380557 0.2689700424671173 0
1693418380560 0.2647123336791992 0
1693418380562 0.2601746618747711 0
1693418380565 0.2554042339324951 0
1693418380568 0.25111252069473267 0
1693418380571 0.2470850795507431 0
1693418380574 0.24235692620277405 0
1693418380582 0.23855189979076385 0
1693418380584 0.23398129642009735 0
1693418380589 0.23006057739257812 0
1693418380591 0.22577610611915588 0
