1693418380265 0.16366590932011604 0
1693418380270 0.1586683690547943 0
1693418380273 0.1543160416185856 0
1693418380276 0.1491628885269165 0
1693418380279 0.14445914328098297 0
1693418380282 0.1396305076777935 0
1693418380285 0.1355775147676468 0
1693418380289 0.13138281553983688 0
1693418380292 0.12740129232406616 0
1693418380295 0.12326266430318356 0
1693418380298 0.11919854022562504 0
1693418380301 0.11580146476626396 0
1693418380304 0.11191838420927525 0
1693418380307 0.1083499975502491 0
1693418380309 0.10485081933438778 0
1693418380312 0.101382777094841 0
1693418380326 0.09827420487999916 0
1693418380331 0.09506079088896513 0
1693418380333 0.09168482106178999 0
1693418380336 0.08903089538216591 0
1693418380342 0.08603518456220627 0
1693418380347 0.08314344845712185 0
1693418380352 0.08066125400364399 0
1693418380360 0.07767399773001671 0
1693418380364 0.07507427874952555 0
1693418380366 0.07257855217903852 0
1693418380368 0.07015566527843475 0
1693418380371 0.06777779571712017 0
1693418380373 0.06533888354897499 0
1693418380376 0.06313037546351552 0
