1693417766416 0.2585762143135071 0
1693417766419 0.2588147819042206 0
1693417766423 0.25856149196624756 0
1693417766428 0.2585814595222473 0
1693417766435 0.2586168646812439 0
1693417766439 0.25857841968536377 0
1693417766449 0.25881096720695496 0
1693417766453 0.2585636079311371 0
1693417766455 0.25862354040145874 0
1693417766458 0.25861725211143494 0
1693417766461 0.25866222381591797 0
1693417766463 0.25865721702575684 0
1693417766466 0.25841382145881653 0
1693417766468 0.2584790885448456 0
1693417766471 0.2586061954498291 0
1693417766473 0.2585762143135071 0
1693417766475 0.2584918737411499 0
1693417766478 0.25865721702575684 0
1693417766480 0.25851497054100037 0
1693417766483 0.2585299015045166 0
1693417766485 0.25857144594192505 0
1693417766488 0.2583782970905304 0
1693417766491 0.25847527384757996 0
1693417766494 0.2585788071155548 0
1693417766497 0.25850075483322144 0
1693417766499 0.25851839780807495 0
1693417766502 0.2585492432117462 0
1693417766504 0.25846827030181885 0
1693417766506 0.258422315120697 0
1693417766510 0.2582499086856842 0
