1693417766173 0.11664290974537532 0
1693417766178 0.1165785479048888 0
1693417766183 0.1167076395617591 0
1693417766187 0.11663861407174005 0
1693417766189 0.11680059341920747 0
1693417766197 0.11658537263671558 0
1693417766200 0.11669687264495426 0
1693417766204 0.11652242185340987 0
1693417766208 0.11666078410214847 0
1693417766212 0.11661144097646077 0
1693417766218 0.11667130639155705 0
1693417766223 0.1167266530295213 0
1693417766228 0.11661798920896319 0
1693417766236 0.11680824557940166 0
1693417766240 0.11663055502706104 0
1693417766244 0.11668713349435064 0
1693417766249 0.11668372982078129 0
1693417766253 0.1165971892575423 0
1693417766257 0.11658331627647082 0
1693417766260 0.116669828693072 0
1693417766264 0.11661075635088815 0
1693417766269 0.11656724413235982 0
1693417766272 0.1166290392478307 0
1693417766275 0.1166235100891855 0
1693417766277 0.11660744332604939 0
1693417766280 0.11651414011915524 0
1693417766283 0.11668247729539871 0
1693417766286 0.1166545409295294 0
1693417766289 0.11646770768695408 0
1693417766294 0.11682271543476316 0
