1693418461029 0.3722158372402191 0
1693418461031 0.3695216774940491 0
1693418461052 0.36658960580825806 0
1693418461056 0.36356985569000244 0
1693418461062 0.3608250916004181 0
1693418461076 0.35783326625823975 0
1693418461079 0.3547455370426178 0
1693418461083 0.35206493735313416 0
1693418461087 0.3494134247303009 0
1693418461089 0.34661826491355896 0
1693418461091 0.3439140021800995 0
1693418461093 0.34092000126838684 0
1693418461095 0.3386279344558716 0
1693418461097 0.335843026638031 0
1693418461100 0.3330400586128235 0
1693418461102 0.33033493161201477 0
1693418461105 0.32781001925468445 0
1693418461107 0.32511916756629944 0
1693418461110 0.32283368706703186 0
1693418461112 0.3199867606163025 0
1693418461114 0.3174656331539154 0
1693418461117 0.3149709105491638 0
1693418461119 0.3126077651977539 0
1693418461121 0.3099563419818878 0
1693418461123 0.3069778084754944 0
1693418461125 0.3048020601272583 0
1693418461127 0.30255091190338135 0
1693418461129 0.2998107373714447 0
1693418461132 0.2976102828979492 0
1693418461135 0.29541656374931335 0
