1693418460816 0.17462663186921012 0
1693418460821 0.17203309469752842 0
1693418460824 0.16913183088655825 0
1693418460827 0.1671176337533527 0
1693418460829 0.16380835793636464 0
1693418460834 0.16183199485143027 0
1693418460836 0.15926385477737146 0
1693418460839 0.15699645435368573 0
1693418460842 0.15448285694475528 0
1693418460845 0.15214208320335107 0
1693418460849 0.14968043620939608 0
1693418460853 0.14728349833576768 0
1693418460855 0.14513189483571937 0
1693418460858 0.14311556959593738 0
1693418460865 0.14071933483635937 0
1693418460867 0.1387894688932984 0
1693418460870 0.13653304124319995 0
1693418460874 0.13462089940353675 0
1693418460877 0.13242138177156448 0
1693418460879 0.13060916518723523 0
1693418460884 0.12839191627723198 0
1693418460887 0.12651780799583154 0
1693418460891 0.12460958626535204 0
1693418460894 0.12293498273249026 0
1693418460899 0.12095081723398632 0
1693418460902 0.11899849386126907 0
1693418460909 0.1172628245419926 0
1693418460911 0.11511883995047321 0
1693418460914 0.11352417562846784 0
1693418460917 0.11200411479782175 0
