1693417768234 0.10520865105920368 0
1693417768238 0.0744100453125106 0
1693417768243 0.05730724707245827 0
1693417768246 0.04893407473961512 0
1693417768250 0.04484105813834402 0
1693417768254 0.042847669372955956 0
1693417768257 0.041886587937672935 0
1693417768260 0.04141911408967442 0
1693417768269 0.04116312704152531 0
1693417768274 0.04104266646835539 0
1693417768276 0.040965071154965296 0
1693417768278 0.04094288580947452 0
1693417768286 0.04093416200743781 0
1693417768289 0.04092800782786475 0
1693417768296 0.04091080278158188 0
1693417768298 0.04091830179095268 0
1693417768301 0.040917140742143 0
1693417768303 0.04088350385427475 0
1693417768305 0.0408895177145799 0
1693417768308 0.040866954459084406 0
1693417768310 0.04087959768043624 0
1693417768313 0.040857711186011635 0
1693417768315 0.04086316004395485 0
1693417768318 0.04085355500380198 0
1693417768320 0.04084592892063989 0
1693417768324 0.0408576735191875 0
1693417768327 0.04083035265405973 0
1693417768329 0.040815134015348226 0
1693417768333 0.040809655769003764 0
1693417768336 0.04080477274126477 0
