1693417768446 0.24011322855949402 0
1693417768448 0.197574183344841 0
1693417768459 0.16866913437843323 0
1693417768463 0.14915412664413452 0
1693417768466 0.13607318699359894 0
1693417768468 0.1274523138999939 0
1693417768472 0.12202547490596771 0
1693417768475 0.11867821216583252 0
1693417768478 0.11665424704551697 0
1693417768482 0.11535261571407318 0
1693417768484 0.11466731131076813 0
1693417768488 0.11415350437164307 0
1693417768490 0.11383749544620514 0
1693417768499 0.11373630166053772 0
1693417768502 0.11359380185604095 0
1693417768504 0.11343506723642349 0
1693417768507 0.11336760967969894 0
1693417768510 0.11333788931369781 0
1693417768514 0.11324478685855865 0
1693417768516 0.11321192234754562 0
1693417768519 0.11311545968055725 0
1693417768523 0.11307314038276672 0
1693417768526 0.11301270127296448 0
1693417768528 0.11296912282705307 0
1693417768534 0.11296003311872482 0
1693417768537 0.11293090879917145 0
1693417768540 0.11291030794382095 0
1693417768543 0.11290945112705231 0
1693417768547 0.1128101646900177 0
1693417768550 0.11277643591165543 0
