1693418243556 0.36857253313064575 0
1693418243558 0.3643737733364105 0
1693418243561 0.3591945469379425 0
1693418243563 0.35514745116233826 0
1693418243566 0.35017892718315125 0
1693418243570 0.34437593817710876 0
1693418243573 0.33958864212036133 0
1693418243575 0.3328949809074402 0
1693418243578 0.3253967761993408 0
1693418243580 0.3179011642932892 0
1693418243585 0.30855199694633484 0
1693418243589 0.2981529235839844 0
1693418243593 0.285318523645401 0
1693418243596 0.26954784989356995 0
1693418243600 0.24923527240753174 0
1693418243603 0.22468949854373932 0
1693418243605 0.19328203797340393 0
1693418243608 0.15589125454425812 0
1693418243610 0.11703702062368393 0
1693418243614 0.07979864627122879 0
1693418243620 0.055587586015462875 0
1693418243623 0.043510232120752335 0
1693418243626 0.03519757464528084 0
1693418243630 0.03075123392045498 0
1693418243634 0.030514772981405258 0
1693418243636 0.029978474602103233 0
1693418243642 0.029872285202145576 0
1693418243646 0.030585359781980515 0
1693418243649 0.02996511571109295 0
1693418243652 0.030076155439019203 0
