1693418243347 0.16728739653314864 0
1693418243353 0.16325020790100098 0
1693418243356 0.15929493946688517 0
1693418243359 0.1560151523777417 0
1693418243361 0.15196087530681066 0
1693418243364 0.14686717838048935 0
1693418243366 0.14295005479029246 0
1693418243368 0.13818733819893428 0
1693418243371 0.13360235041805676 0
1693418243374 0.12666035603199685 0
1693418243376 0.12028916712318148 0
1693418243380 0.11359197859253202 0
1693418243384 0.10445862848843847 0
1693418243386 0.0951045650456633 0
1693418243395 0.08419680755053248 0
1693418243397 0.07137457121695791 0
1693418243405 0.05707019833581788 0
1693418243410 0.041233538783022335 0
1693418243413 0.026176793899919306 0
1693418243415 0.014027324704719442 0
1693418243419 0.006916730598147426 0
1693418243425 0.003914418663563473 0
1693418243427 0.002991239324079028 0
1693418243430 0.0023986984992266764 0
1693418243433 0.0023111090579602334 0
1693418243436 0.0021551038121937643 0
1693418243445 0.002103293825972027 0
1693418243448 0.002203493254325752 0
1693418243450 0.002151377432580505 0
1693418243453 0.002171973465010524 0
